[TexturePanels]
file = solar\asteroids\rock_shapes.ini

[Field]
cube_size = 1000
fill_dist = 5000
diffuse_color = 200, 200, 200
ambient_color = 110, 110, 110
ambient_increase = 80, 80, 80

[properties]
flag = rock_objects
flag = Object_density_med

[DynamicAsteroids]
asteroid = planet_frag_asteroid10
count = 100
placement_radius = 1500.000000
placement_offset = 0.000000
max_velocity = 0.600000
max_angular_velocity = 0.300000
color_shift = 1.000000, 1.000000, 1.000000

[DynamicAsteroids]
asteroid = planet_frag_asteroid60
count = 100
placement_radius = 1500.000000
placement_offset = 0.000000
max_velocity = 0.600000
max_angular_velocity = 0.300000
color_shift = 1.000000, 1.000000, 1.000000

[DynamicAsteroids]
asteroid = planet_frag_asteroid60
count = 100
placement_radius = 1500.000000
placement_offset = 0.000000
max_velocity = 0.600000
max_angular_velocity = 0.300000
color_shift = 1.000000, 1.000000, 1.000000

[DynamicAsteroids]
asteroid = planet_frag_asteroid30
count = 100
placement_radius = 1500.000000
placement_offset = 0.000000
max_velocity = 0.600000
max_angular_velocity = 0.300000
color_shift = 1.000000, 1.000000, 1.000000

[DynamicAsteroids]
asteroid = planet_frag_asteroid30
count = 100
placement_radius = 1500.000000
placement_offset = 0.000000
max_velocity = 0.600000
max_angular_velocity = 0.300000
color_shift = 1.000000, 1.000000, 1.000000

[DynamicAsteroids]
asteroid = planet_frag_asteroid60
count = 100
placement_radius = 1500.000000
placement_offset = 0.000000
max_velocity = 0.600000
max_angular_velocity = 0.300000
color_shift = 1.000000, 1.000000, 1.000000

[AsteroidBillboards]
count = 1000
start_dist = 2500
fade_dist_percent = 0.500000
shape = asteroid_planet_frag
color_shift = 1, 1, 1
ambient_intensity = 1
size = 40, 110